0 0.4764995082660629 0.5616772348419842 0.47152194156742955 0.5734651792617348 0.48242540298684494 0.5780602785244786 0.48720130722008087 0.5658967763515895
0 0.48325964509123226 0.5800648070064449 0.48530896998614015 0.5886920713194028 0.49540142973386675 0.5866197744015244 0.4930585470155686 0.5772493786545826
0 0.480014779415151 0.6002100147454494 0.4850386360955772 0.5914851736208999 0.4935090924999261 0.5986030752285086 0.4870210791264151 0.6059011740575719
0 0.4724434261709613 0.5998044065359392 0.46449326041279265 0.6052704714091307 0.4737747184888304 0.6168032668091283 0.4802627318623413 0.6100457678933289
0 0.42268881913771494 0.5649221005180655 0.4143913766118133 0.579862275485725 0.42196072554757597 0.5846375719699233 0.4315125257641123 0.5700413743117966
0 0.4451324733972772 0.5438304736235372 0.43385541673234596 0.5591392774357902 0.4416049855118388 0.5659868749623168 0.45395023868083745 0.548597579127143
0 0.4051124633922747 0.5355831066968305 0.3942812360203445 0.5525592364401507 0.4028418147214618 0.5576048328809808 0.4139255042345429 0.5407561369590711
0 0.44080598582916874 0.5181419536878936 0.4341104402298672 0.526610438541256 0.4579899283963044 0.5429185366121269 0.4640273797855867 0.5356204377830636
0 0.41876793977911675 0.6625384762735108 0.4284704917340723 0.6690126263743952 0.42342427011014466 0.6757701252901946 0.4143230236279015 0.6687423264177633
0 0.4087629372778661 0.6701098295177005 0.4049514432550953 0.6757701252901946 0.4138724616436728 0.6827078296763488 0.4180175922988856 0.6759503307605492
0 0.40308442234472386 0.6778163854983935 0.3973820943193325 0.686942526247283 0.39630075875708076 0.6891950286355161 0.4079251160512878 0.6943307278115236 0.41306145997198396 0.6849603238156817
0 0.39632428551955456 0.689173415364678 0.3915248627737804 0.6951416276814196 0.4011667687872139 0.7020793238186737 0.4063932350046785 0.6956822275946835
0 0.49231822843695916 0.7086426094211655 0.4944955262415447 0.7192548195914696 0.506480323223212 0.7177231225868551 0.5043176520987083 0.7058299244950482
0 0.42052557535366075 0.7368999813503734 0.42456915438263676 0.7502492118689694 0.4577301171249829 0.7406986189005731 0.4543058823445617 0.7279044182036929
0 0.4109261810619203 0.75352991794029 0.4062765638711887 0.7640345096572002 0.42024381213362955 0.7696207142601945 0.42456915438263676 0.7591691104378246
0 0.192344231765683 0.38837248066612007 0.17049348553662869 0.39409487136641963 0.1768515662612238 0.4144847052639115 0.19809688566833775 0.4089802271176875
0 0.6941665234676256 0.14931076622931622 0.6884334791866209 0.15400753822861113 0.6963520221163448 0.16275849932457134 0.7010753474473582 0.1563689044440585
0 0.709382464771611 0.16786170836705175 0.7201076127495646 0.16762014013886448 0.7191351447128107 0.17942699665020984 0.7102441719022852 0.17942699665020984
0 0.6743649560172338 0.20225390446510078 0.6816263173972008 0.20706892562091178 0.67454131668203 0.21790344888257682 0.668567697107163 0.21345850778437037
0 0.7116752778448142 0.21601078290432038 0.7046873170753694 0.22498756024597316 0.7094106424063826 0.22943248862712537 0.7177459373654071 0.22068152753116513
0 0.33736748960646884 0.4695839441751583 0.3240310176720298 0.48847491204990007 0.33111601838720056 0.4938921736807326 0.34556385874329265 0.47472340175624833
0 0.6644159039489662 0.2738614307575984 0.6751327117534263 0.25874071883589655 0.6821581710135608 0.2637412680335881 0.6717985901359163 0.2791000977122121
0 0.6396650669956911 0.2635841728117216 0.6459591830307408 0.268146517388808 0.6397672459987082 0.2776713693700146 0.6328608551130449 0.27386143075759845
0 0.7097000845044455 0.2666214057138869 0.7008530613858307 0.27850479786974053 0.7049016259552708 0.2837434648243543 0.7147849115316287 0.2720755203298514
0 0.6839729352155153 0.30163891446826413 0.6900171634034982 0.30636500054259347 0.6819200233629176 0.3173185808659976 0.6757280863308849 0.313151460168032
0 0.723635623702616 0.3221849017476181 0.7207386791096166 0.32862935417528333 0.7324080993200514 0.33386802112989705 0.735504073286918 0.3270815615044585
0 0.6414516745852001 0.26161890446326164 0.6491742253720788 0.2490968025260628 0.6567950592096723 0.2543354749308427 0.6484597715184481 0.26755121209617033