0 0.48235186743371683 0.4384890485242621 0.4867433716858429 0.42808902551275635 0.4867433716858429 0.42645411705852926 0.4766753611805903 0.4222111055527764 0.47638470535267635 0.4222111055527764 0.4716500685342671 0.43426950675337667 0.48235186743371683 0.4384890485242621
0 0.4855165907953977 0.4228214067033517 0.49524762381190596 0.4200254787393697 0.49524762381190596 0.4197202651325663 0.4933438764382191 0.4117058529264632 0.49167294147073537 0.4117058529264632 0.4832416208104052 0.4134370665332666 0.4832416208104052 0.4137226298149074 0.4855165907953977 0.4228214067033517
0 0.4867895132566283 0.4086587028514257 0.4932466233116558 0.4013953656828414 0.4932466233116558 0.40133463481740866 0.4848070705352676 0.3942427023511756 0.47978321360680337 0.4029675432716358 0.4867895132566283 0.4086587028514257
0 0.47108951375687846 0.40019526263131566 0.4797398699349675 0.38944665082541274 0.4797398699349675 0.38822855927963984 0.47314140770385194 0.38369184592296146 0.47204253376688343 0.38369184592296146 0.46460150025012503 0.39343776388194096 0.47108951375687846 0.40019526263131566
0 0.42395273136568284 0.4350703381690845 0.43121560780390195 0.4304883871935968 0.43121560780390195 0.42974321560780393 0.42342067883941975 0.41570785392696347 0.4226162206103052 0.41570785392696347 0.41440093096548275 0.42047414057028515 0.42395273136568284 0.4350703381690845
0 0.4340364072036018 0.44945323461730863 0.4417036798399199 0.4562281140570285 0.44183760080040024 0.4562281140570285 0.45372686343171587 0.4394811180590295 0.45372686343171587 0.43869292596298154 0.4454478964482241 0.43421710855427714 0.44525992646323165 0.43421710855427714 0.4340364072036018 0.44945323461730863
0 0.40299319059529765 0.4642374992496248 0.4137068534267134 0.44795129314657334 0.4137068534267134 0.4471716073036518 0.406125184092046 0.4427213606803402 0.40494126013006504 0.4427213606803402 0.39443261180590294 0.45919190295147577 0.40299319059529765 0.4642374992496248
0 0.4341104402201101 0.47338956128064036 0.4408059859929965 0.48185804652326164 0.4640273796898449 0.4643795622811406 0.45798992846423214 0.4570814632316158 0.4341104402201101 0.47338956128064036
0 0.42336028814407206 0.33753130565282646 0.42821410705352675 0.3310314572286143 0.42821410705352675 0.3306454237118559 0.41870395797898946 0.3242996568284142 0.4142590415207604 0.3305035072536268 0.42336028814407206 0.33753130565282646
0 0.41798882691345673 0.3244093146573287 0.40930854927463733 0.31765882941470736 0.4089529654827414 0.31765882941470736 0.40492267783891944 0.3242291090545273 0.41417733266633316 0.3300696103051526 0.41798882691345673 0.3244093146573287
0 0.40790385542771385 0.32216414457228615 0.41270635317658827 0.3134027868934467 0.41270635317658827 0.31255469384692347 0.4037660210105053 0.3061530765382691 0.4027486983491746 0.3061530765382691 0.3973608339169585 0.31477594297148576 0.39627949824912456 0.3170284452226113 0.40790385542771385 0.32216414457228615
0 0.391695847923962 0.30467909054527265 0.39657846973486743 0.3106553276638319 0.3970194617308654 0.3106553276638319 0.4062031015507754 0.3040473706853427 0.4062031015507754 0.30369295947973984 0.401744907953977 0.29814907453726863 0.4012751005502751 0.29814907453726863 0.391695847923962 0.30434133516758377 0.391695847923962 0.30467909054527265
0 0.49433127213606803 0.29423400750375184 0.5062531265632816 0.29143950525262635 0.5062531265632816 0.2910432476238119 0.5042214032016008 0.28114057028514255 0.5015598994497249 0.28114057028514255 0.49224612306153076 0.2823309019509755 0.49224612306153076 0.2827671255627814 0.49433127213606803 0.29423400750375184
0 0.42456915457728867 0.24975078789394697 0.42052557528764384 0.2631000185092546 0.4543058824412206 0.2720955817908955 0.4577301170585293 0.2593013811905953 0.42456915457728867 0.24975078789394697
0 0.4063114357178589 0.23621308254127063 0.410619655827914 0.2466233116558279 0.410740228114057 0.2466233116558279 0.4242121060530265 0.24123523061530763 0.4242121060530265 0.24019304002001002 0.4199727418709355 0.2306153076538269 0.41985420660330164 0.2306153076538269 0.4063114357178589 0.23621308254127063
0 0.1917858024012006 0.6116053656828414 0.19759879939969985 0.5929635692846423 0.19759879939969985 0.5910727823911955 0.1774377423711856 0.5857928964482241 0.17620946023011505 0.5857928964482241 0.1705404832416208 0.6061008874437218 0.1917858024012006 0.6116053656828414
0 0.6965091505752876 0.8508959679839919 0.7008504252126063 0.8450232021010505 0.7008504252126063 0.8441160650325163 0.6943236518259129 0.8374482351175587 0.688590607803902 0.8421450070035018 0.6965091505752876 0.8508959679839919
0 0.7093824647323661 0.832138291645823 0.7201076128064032 0.832379859929965 0.7191351445722861 0.8205730035017509 0.7102441720860431 0.8205730035017509 0.7093824647323661 0.832138291645823
0 0.6816168449224612 0.7932747658829414 0.6759856888444222 0.7823911955977989 0.675335447723862 0.7823911955977989 0.6685582251125562 0.7868851835917959 0.6756432256128063 0.7977197068534266 0.6816168449224612 0.7932747658829414
0 0.7046873171585794 0.7750124397198599 0.7116752776388194 0.7839892171085543 0.7177459374687343 0.779318472236118 0.7094106423211606 0.7705675112556277 0.7046873171585794 0.7750124397198599
0 0.33099600850425215 0.5304132341170585 0.34517258629314657 0.5116043616808404 0.34517258629314657 0.5110743696848424 0.33828149874937463 0.5067533766883442 0.33678974787393695 0.5067533766883442 0.3239110075037519 0.5249959724862432 0.33099600850425215 0.5304132341170585
0 0.671491 0.7412233131565783 0.6818409204602301 0.726620255627814 0.6818409204602301 0.7258422621310655 0.6748251215607803 0.7208639344672336 0.6644655407703852 0.736222763881941 0.671491 0.7412233131565783
0 0.6396650670335167 0.7364158274137068 0.6459591830915458 0.7318534827413707 0.6397672461230616 0.7223286308154077 0.6328608549274637 0.7261385692846423 0.6396650670335167 0.7364158274137068
0 0.7059728519259629 0.7333337218609304 0.7143571785892946 0.7220718269134567 0.7143571785892946 0.7208516208104051 0.7108845417708854 0.7163581790895448 0.7106472046023011 0.7163581790895448 0.7008880250125062 0.7278796073036518 0.7059728519259629 0.7333337218609304
0 0.6758379189594798 0.6876723341670835 0.6837304867433717 0.6983491745872936 0.6839217683841922 0.6983491745872936 0.6898449224612306 0.6943629424712356 0.6898449224612306 0.6940710685342671 0.6818026748374187 0.6828414207103551 0.6816312026013006 0.6828414207103551 0.6758379189594798 0.6873712886443222 0.6758379189594798 0.6876723341670835
0 0.7208604302151076 0.6727403121560781 0.7322178604302151 0.6778389194597298 0.7324558594297148 0.6778389194597298 0.735367683841921 0.6714561210605303 0.735367683841921 0.6710818564282142 0.7238578804402201 0.6663331665832917 0.7236030615307654 0.6663331665832917 0.7208604302151076 0.6724343381690845 0.7208604302151076 0.6727403121560781
0 0.6567462246123061 0.7384362731365682 0.6501663266633317 0.7328664332166083 0.649509515757879 0.7328664332166083 0.64140283991996 0.7457197028514257 0.6490236733366683 0.7509583751875938 0.6567462246123061 0.7384362731365682