0 0.4822972891445723 0.4381565267633817 0.4867433716858429 0.4268330295147574 0.4867433716858429 0.4258629814907454 0.4774813136568284 0.4222111055527764 0.4761866038019009 0.4222111055527764 0.4713938274137069 0.4335614272136068 0.4822972891445723 0.4381565267633817
0 0.4853948629314658 0.4226798154077039 0.49524762381190596 0.420656735867934 0.49524762381190596 0.4196488389194597 0.49326163631815906 0.4117058529264632 0.4915130565282641 0.4117058529264632 0.48334553826913457 0.4140525507753877 0.4853948629314658 0.4226798154077039
0 0.4867343486743371 0.4086587028514257 0.4932466233116558 0.40336883591795897 0.4932466233116558 0.4021095787893947 0.48871679139569785 0.3942427023511756 0.4802463351675838 0.4013606038019009 0.4867343486743371 0.4086587028514257
0 0.46449326063031515 0.3947295287643822 0.47244342621310653 0.40019559329664833 0.480262731865933 0.389954232116058 0.47377471835917956 0.38319673336668336 0.46449326063031515 0.3947295287643822
0 0.4143913766883442 0.4201377243621811 0.42268881890945476 0.43507789944972486 0.4315125257628814 0.42995862581290645 0.42196072536268137 0.415362428214107 0.4143913766883442 0.4201377243621811
0 0.44249223911955976 0.45603826063031516 0.45372686343171587 0.44078705902951476 0.45372686343171587 0.4406919629814907 0.44639913506753376 0.43421710855427714 0.44578172186093046 0.43421710855427714 0.4337168584292146 0.45121145272636315 0.4337168584292146 0.45129406953476736 0.44249223911955976 0.45603826063031516
0 0.39428123611805904 0.4474407633816908 0.40511246323161576 0.4644168934467234 0.4139255042521261 0.45924386293146574 0.40284181490745374 0.44239516708354176 0.39428123611805904 0.4474407633816908
0 0.43426616708354177 0.4745749149574787 0.44019430065032517 0.4817408704352176 0.4404971125562781 0.4817408704352176 0.4637318659329665 0.46587308304152075 0.4637318659329665 0.4649941895947974 0.4575920705352676 0.45722861430715356 0.45731194547273635 0.45722861430715356 0.43426616708354177 0.4745749149574787
0 0.42336028814407206 0.33753130565282646 0.42821410705352675 0.3310314572286143 0.42821410705352675 0.3306454237118559 0.41870395797898946 0.3242996568284142 0.4142590415207604 0.3305035072536268 0.42336028814407206 0.33753130565282646
0 0.41798882691345673 0.3227729764882441 0.4145450945472737 0.31765882941470736 0.41331192446223114 0.31765882941470736 0.40492267783891944 0.3229531820910455 0.4090678084042021 0.32971068134067033 0.41798882691345673 0.3227729764882441
0 0.4120013471735868 0.31307698349174584 0.41270635317658827 0.31160840370185094 0.41270635317658827 0.31065821710855424 0.4025092296148074 0.3061530765382691 0.4012038249124562 0.3061530765382691 0.3963219819909955 0.3150591860930465 0.4062990195097549 0.322203124062031 0.4120013471735868 0.31307698349174584
0 0.391695847923962 0.30467909054527265 0.39657846973486743 0.3106553276638319 0.3970194617308654 0.3106553276638319 0.4062031015507754 0.3040473706853427 0.4062031015507754 0.30369295947973984 0.401744907953977 0.29814907453726863 0.4012751005502751 0.29814907453726863 0.391695847923962 0.30434133516758377 0.391695847923962 0.30467909054527265
0 0.5041533981990995 0.29410614507253624 0.5062531265632816 0.2838720100050025 0.5062531265632816 0.2834757523761881 0.4962908154077038 0.28114057028514255 0.49424774887443723 0.28114057028514255 0.49224612306153076 0.292148132066033 0.49224612306153076 0.2925843556778389 0.5041533981990995 0.29410614507253624
0 0.4537783191595798 0.27205281390695346 0.45722861430715356 0.260662216108054 0.45722861430715356 0.2585455942971486 0.42560767733866933 0.25012506253126565 0.4239299739869935 0.25012506253126565 0.42061735667833916 0.26250222061030515 0.4537783191595798 0.27205281390695346
0 0.4063114357178589 0.23621308254127063 0.410619655827914 0.2466233116558279 0.410740228114057 0.2466233116558279 0.4242121060530265 0.24123523061530763 0.4242121060530265 0.24019304002001002 0.4199727418709355 0.2306153076538269 0.41985420660330164 0.2306153076538269 0.4063114357178589 0.23621308254127063
0 0.1768045927963982 0.6116053656828414 0.19759879939969985 0.6062177668834418 0.19759879939969985 0.6044848659329665 0.19238093496748374 0.5857928964482241 0.1911526528264132 0.5857928964482241 0.17044651225612806 0.5912155317658829 0.1768045927963982 0.6116053656828414
0 0.6965091505752876 0.8508959679839919 0.7008504252126063 0.8450232021010505 0.7008504252126063 0.8441160650325163 0.6943236518259129 0.8374482351175587 0.688590607803902 0.8421450070035018 0.6965091505752876 0.8508959679839919
0 0.7198599299649825 0.8209104552276139 0.7093546773386693 0.8209104552276139 0.7093546773386693 0.8218448709354678 0.7102171815907954 0.8323166413206603 0.7191081540770385 0.8323166413206603 0.7198599299649825 0.8222267833916957 0.7198599299649825 0.8209104552276139
0 0.6816168449224612 0.7932747658829414 0.6759856888444222 0.7823911955977989 0.675335447723862 0.7823911955977989 0.6685582251125562 0.7868851835917959 0.6756432256128063 0.7977197068534266 0.6816168449224612 0.7932747658829414
0 0.7046873171585794 0.7750124397198599 0.7116752776388194 0.7839892171085543 0.7177459374687343 0.779318472236118 0.7094106423211606 0.7705675112556277 0.7046873171585794 0.7750124397198599
0 0.33099600850425215 0.5304132341170585 0.34517258629314657 0.5116043616808404 0.34517258629314657 0.5110743696848424 0.33828149874937463 0.5067533766883442 0.33678974787393695 0.5067533766883442 0.3239110075037519 0.5249959724862432 0.33099600850425215 0.5304132341170585
0 0.664415903951976 0.7261385692846423 0.6751327118559279 0.7412592811405703 0.6821581710855428 0.7362587318659329 0.6717985902951475 0.7208999024512257 0.664415903951976 0.7261385692846423
0 0.6398575912956478 0.7364082876438219 0.6458229114557279 0.7272320330165083 0.6458229114557279 0.7267191705852927 0.6405008534267134 0.7228614307153577 0.6393976723361681 0.7228614307153577 0.63295120010005 0.7325983491745872 0.6398575912956478 0.7364082876438219
0 0.7008880250125062 0.7217555102551275 0.7107232226113056 0.7333666833416709 0.7108151850925463 0.7333666833416709 0.7143571785892946 0.7287834967483742 0.7143571785892946 0.7275632906453227 0.7060151265632816 0.7163581790895448 0.7059199134567283 0.7163581790895448 0.7008880250125062 0.7217555102551275
0 0.6758379189594798 0.6943209269634818 0.6818235042521261 0.6983491745872936 0.6820147858929465 0.6983491745872936 0.6898449224612306 0.6877567893946973 0.6898449224612306 0.687322472236118 0.6841140700350176 0.6828414207103551 0.6839425977988994 0.6828414207103551 0.6758379189594798 0.6941582431215607 0.6758379189594798 0.6943209269634818
0 0.7208604302151076 0.6714241010505253 0.7237868619309654 0.6778389194597298 0.7240248609304653 0.6778389194597298 0.735367683841921 0.6727468694347173 0.735367683841921 0.6724018434217108 0.732639659829915 0.6663331665832917 0.7323848409204603 0.6663331665832917 0.7208604302151076 0.6710878829414707 0.7208604302151076 0.6714241010505253
0 0.6485085957978989 0.7508480105052526 0.6568284142071036 0.73765679989995 0.6568284142071036 0.7376216393196597 0.6499108914457228 0.7328664332166083 0.6489314477238619 0.7328664332166083 0.6415004987493746 0.7449157028514257 0.6485085957978989 0.7508480105052526